#motions
2
#motionIndex
0 0
#motionName
walk walk
#numFrames
343 343
#minListSize
12
#i j distance theta x0 z0
303 209 4.55699 0.0231433 0.0603915 1.42345
170 342 4.55699 -0.0231433 -0.027435 -1.42446
94 265 4.77487 -0.0202743 -0.0152543 -1.40982
226 133 4.77487 0.0202743 0.0438324 1.40922
279 186 5.53475 0.0297096 0.0581921 1.43031
147 318 5.53475 -0.0297096 -0.0156789 -1.4314
144 315 5.53549 -0.0297757 -0.015271 -1.43208
276 183 5.53549 0.0297757 0.0578992 1.43099
136 307 5.54551 -0.0302699 -0.0134175 -1.43288
268 175 5.54551 0.0302699 0.0567778 1.43181
38 342 21.9825 -0.0585565 0.0158486 -2.8103
303 77 21.9825 0.0585565 0.148646 2.80641
#motionIndex
0 1
#motionName
walk run
#numFrames
343 130
#minListSize
8
#i j distance theta x0 z0
282 107 648.052 0.181463 0.430407 0.26836
153 109 673.657 0.141862 0.411387 -1.17992
224 71 769.552 0.0334579 0.603316 0.731375
24 112 773.048 0.0685246 0.492908 -2.60741
303 39 827.657 0.132369 0.799176 2.56197
173 39 830.37 0.0956696 0.700616 1.18697
92 71 832.638 0.0225055 0.572726 -0.665326
40 39 905.358 0.0632187 0.653211 -0.185972
#motionIndex
1 0
#motionName
run walk
#numFrames
130 343
#minListSize
8
#i j distance theta x0 z0
68 321 648.052 -0.181463 -0.37491 -0.341629
70 192 673.657 -0.141862 -0.57408 1.1099
32 263 769.552 -0.0334579 -0.578513 -0.751148
73 63 773.048 -0.0685246 -0.670283 2.56754
0 342 827.657 -0.132369 -0.45405 -2.64504
0 212 830.37 -0.0956696 -0.584028 -1.24847
32 131 832.639 -0.0225055 -0.587553 0.652269
0 79 905.358 -0.0632187 -0.663655 0.144333
#motionIndex
1 1
#motionName
run run
#numFrames
130 130
#minListSize
2
#i j distance theta x0 z0
0 129 6.7775 -0.00518901 -0.000379172 -2.79516
90 39 6.7775 0.00518901 0.0148832 2.79512
